Algoritmo clásico: Edmonds-Karp
===============================
   a  b  c  d  e  f energy num_oc.
3  1  0  1  1  0  1   -0.6       1
4  1  0  1  0  1  1   -0.6       1
6  1  1  0  1  0  1   -0.6       1
7  1  1  0  0  1  1   -0.6       1
0  1  0  0  1  0  0   -0.3       1
1  1  0  0  0  1  0   -0.3       1
2  0  0  1  0  0  1   -0.3       1
5  0  1  0  0  0  1   -0.3       1
['BINARY', 8 rows, 8 samples, 6 variables]
 
Resolución en QPU
=================
    a  b  c  d  e  f energy num_oc. chain_.
0   1  0  1  1  0  1   -0.6    1306     0.0
1   1  1  0  1  0  1   -0.6    1608     0.0
2   1  0  1  0  1  1   -0.6     719     0.0
3   1  1  0  0  1  1   -0.6     902     0.0
4   0  0  1  0  0  1   -0.3      84     0.0
5   1  0  0  1  0  0   -0.3     156     0.0
6   1  0  0  0  1  0   -0.3      96     0.0
7   0  1  0  0  0  1   -0.3     104     0.0
8   0  0  0  0  0  0    0.0      14     0.0
9   1  1  1  1  0  1    0.1       4     0.0
10  1  1  1  0  1  1    0.1       2     0.0
11  1  1  0  1  0  0    0.4       1     0.0
12  1  0  1  0  1  0    0.4       1     0.0
13  1  1  0  1  1  1    0.4       1     0.0
14  1  0  0  0  1  1    0.7       1     0.0
15  0  1  0  0  0  0    0.7       1     0.0
['BINARY', 16 rows, 5000 samples, 6 variables]
